ALL 18900 DETECTIONS
623 tensor([[5.64349e+00, 6.61199e+00, 9.26117e+00,  ..., 1.61692e-03, 1.44152e-03, 2.48943e-03],
        [1.18592e+01, 6.81648e+00, 2.20171e+01,  ..., 1.45097e-03, 1.44531e-03, 2.36512e-03],
        [1.84997e+01, 7.29648e+00, 3.30188e+01,  ..., 1.62875e-03, 2.00727e-03, 4.53005e-03],
        ...,
        [5.57724e+02, 4.50286e+02, 2.17086e+02,  ..., 4.21114e-03, 1.43056e-03, 1.66895e-03],
        [5.87985e+02, 4.51418e+02, 1.66321e+02,  ..., 3.23907e-03, 1.36761e-03, 1.93950e-03],
        [6.22289e+02, 4.62171e+02, 1.56411e+02,  ..., 2.87700e-03, 1.52413e-03, 2.51839e-03]], device='cuda:0')

FILTERED BY CONF_TRES
626 tensor([[3.84091e+02, 2.38394e+02, 4.92142e+02, 4.46466e+02, 3.40952e-01,

         2.00847e-03, 5.86908e-04, 8.00080e-04, 2.24313e-04, 2.64858e-04, 6.26597e-03, 5.43195e-03, 5.84501e-03, 2.58932e-03, 1.05615e-03, 6.86987e-04, 1.11091e-04, 2.01370e-03, 9.07446e-04, 1.11785e-04, 1.67363e-04, 9.95350e-04, 2.45376e-04, 3.88608e-04,
         2.20777e-04, 1.00024e-04, 1.74242e-04, 8.40714e-05, 2.34004e-04, 2.29160e-04, 1.83504e-04, 2.48961e-04, 1.09690e-04, 1.03660e-02, 1.13414e-04, 3.02173e-04, 1.42626e-04, 8.14680e-05, 8.97390e-05, 1.91329e-04, 1.25425e-04, 2.32830e-04, 1.34308e-04, 1.01616e-04, 5.30150e-04, 2.13792e-04, 2.70754e-04, 1.29373e-04,
         3.17598e-04, 4.53833e-04, 1.50225e-03, 1.00758e-04, 1.21979e-04, 1.37415e-04, 1.00944e-04, 1.03112e-04, 1.32716e-04, 1.72063e-04, 9.79005e-04, 7.63506e-05, 8.99192e-04, 9.33524e-04, 3.62181e-04, 2.57488e-04, 1.15815e-03, 3.91478e-03, 9.17981e-04, 1.45765e-03, 4.14155e-04, 9.12599e-05, 1.69665e-04, 3.22323e-04,
         5.85052e-04, 2.27620e-02, 9.33986e-01, 1.94588e-03, 8.00783e-04, 1.28022e-02, 2.99031e-04, 1.64032e-03, 3.42064e-04, 1.98844e-04, 1.47344e-04, 1.49796e-04, 9.42977e-05],

        [4.00674e+02, 2.35875e+02, 4.71127e+02, 4.48109e+02, 3.48383e-01,

         1.97195e-03, 1.32946e-03, 4.69921e-03, 4.12854e-04, 5.16322e-04, 3.05500e-02, 1.67395e-02, 1.78434e-02, 3.19903e-03, 1.59396e-03, 9.48348e-04, 2.17889e-04, 2.61650e-03, 1.62717e-03, 2.00663e-04, 3.89963e-04, 1.60656e-03, 4.21963e-04, 5.87934e-04,
         3.28471e-04, 1.80903e-04, 3.90873e-04, 1.14058e-04, 3.89678e-04, 3.38208e-04, 3.38125e-04, 3.20333e-04, 1.78580e-04, 2.86369e-02, 1.71637e-04, 5.17341e-04, 2.13391e-04, 1.44545e-04, 1.45255e-04, 2.47800e-04, 1.79402e-04, 4.19823e-04, 2.58078e-04, 1.78990e-04, 5.03881e-04, 2.31244e-04, 3.01542e-04, 1.74088e-04,
         3.24153e-04, 3.20409e-04, 1.53958e-03, 1.43461e-04, 2.34291e-04, 2.09268e-04, 1.87266e-04, 1.62712e-04, 2.18046e-04, 2.87687e-04, 2.57857e-03, 1.45658e-04, 1.35958e-03, 1.49624e-03, 6.92733e-04, 3.97952e-04, 2.78498e-03, 3.36026e-03, 1.03813e-03, 7.18387e-03, 1.12405e-03, 1.25036e-04, 2.59934e-04, 6.22001e-04,
         8.32535e-04, 5.71300e-02, 8.26582e-01, 2.22361e-03, 8.67140e-04, 1.71738e-02, 5.46521e-04, 2.52401e-03, 4.44651e-04, 2.21295e-04, 2.67481e-04, 1.78553e-04, 1.46727e-04],

        [3.84105e+02, 2.37972e+02, 4.93567e+02, 4.45211e+02, 3.43196e-01,

         9.29194e-04, 9.96811e-04, 1.48884e-03, 3.73018e-04, 4.00399e-04, 8.83212e-03, 7.47783e-03, 9.24675e-03, 4.12005e-03, 1.48595e-03, 1.00283e-03, 1.96794e-04, 2.75054e-03, 1.45222e-03, 1.37137e-04, 1.76804e-04, 9.58608e-04, 3.68201e-04, 5.81194e-04,
         3.54013e-04, 1.73549e-04, 2.95546e-04, 1.49331e-04, 4.02759e-04, 3.26196e-04, 2.64494e-04, 4.08774e-04, 1.83254e-04, 1.34616e-02, 1.94724e-04, 4.34023e-04, 2.67190e-04, 1.46330e-04, 1.56100e-04, 2.40921e-04, 2.18130e-04, 3.59450e-04, 2.11935e-04, 1.69650e-04, 5.17721e-04, 3.75302e-04, 3.45695e-04, 2.10259e-04,
         3.40545e-04, 4.50760e-04, 1.53986e-03, 1.14020e-04, 1.95390e-04, 1.91202e-04, 1.53445e-04, 1.06663e-04, 1.88778e-04, 2.32376e-04, 1.23754e-03, 1.07086e-04, 8.98159e-04, 1.34878e-03, 5.10275e-04, 2.75652e-04, 1.49142e-03, 4.34397e-03, 1.23307e-03, 2.05124e-03, 5.49517e-04, 1.64299e-04, 3.02857e-04, 5.27995e-04,
         1.09002e-03, 2.56627e-02, 9.28220e-01, 1.00646e-03, 1.05748e-03, 1.52765e-02, 2.92135e-04, 2.05146e-03, 4.97326e-04, 2.59245e-04, 1.85585e-04, 2.03329e-04, 1.53616e-04],

        [4.00597e+02, 2.35315e+02, 4.69240e+02, 4.49317e+02, 3.35037e-01,

         1.35155e-03, 1.85063e-03, 6.14896e-03, 5.31554e-04, 6.80959e-04, 3.36897e-02, 1.92647e-02, 2.23151e-02, 4.24791e-03, 1.94267e-03, 1.22413e-03, 3.34001e-04, 3.32324e-03, 2.15755e-03, 2.42143e-04, 4.50995e-04, 1.59199e-03, 5.17150e-04, 7.88421e-04,
         4.77710e-04, 2.70331e-04, 5.96355e-04, 1.86474e-04, 6.01859e-04, 4.51266e-04, 4.31323e-04, 4.75298e-04, 2.69840e-04, 3.10103e-02, 2.72599e-04, 6.52795e-04, 3.58170e-04, 2.14348e-04, 2.17313e-04, 2.84749e-04, 2.83741e-04, 5.56595e-04, 3.46735e-04, 2.63217e-04, 5.69620e-04, 4.08521e-04, 4.15809e-04, 2.87245e-04,
         3.82283e-04, 3.72425e-04, 1.90638e-03, 1.72173e-04, 3.40329e-04, 3.21007e-04, 2.66500e-04, 1.73808e-04, 2.84701e-04, 4.12477e-04, 3.32687e-03, 2.09787e-04, 1.57181e-03, 1.95999e-03, 8.24429e-04, 4.16218e-04, 3.02394e-03, 3.55123e-03, 1.27461e-03, 8.26452e-03, 1.40677e-03, 2.09370e-04, 4.44203e-04, 9.80242e-04,
         1.49903e-03, 5.45837e-02, 8.07554e-01, 1.27478e-03, 1.13373e-03, 1.72705e-02, 5.67608e-04, 2.94165e-03, 6.71060e-04, 3.03309e-04, 3.32223e-04, 2.49096e-04, 2.17699e-04]], device='cuda:0')

CLASS_CONF WERE MULTIPLIED BY OBJECNESS
642 tensor([[3.84091e+02, 2.38394e+02, 4.92142e+02, 4.46466e+02, 3.40952e-01,

         6.84791e-04, 2.00107e-04, 2.72789e-04, 7.64800e-05, 9.03037e-05, 2.13639e-03, 1.85203e-03, 1.99287e-03, 8.82831e-04, 3.60096e-04, 2.34229e-04, 3.78766e-05, 6.86575e-04, 3.09395e-04, 3.81133e-05, 5.70629e-05, 3.39366e-04, 8.36614e-05, 1.32497e-04,
         7.52742e-05, 3.41035e-05, 5.94081e-05, 2.86643e-05, 7.97839e-05, 7.81324e-05, 6.25660e-05, 8.48836e-05, 3.73989e-05, 3.53429e-03, 3.86687e-05, 1.03026e-04, 4.86287e-05, 2.77766e-05, 3.05966e-05, 6.52341e-05, 4.27637e-05, 7.93839e-05, 4.57926e-05, 3.46460e-05, 1.80755e-04, 7.28926e-05, 9.23142e-05, 4.41099e-05,
         1.08286e-04, 1.54735e-04, 5.12195e-04, 3.43537e-05, 4.15888e-05, 4.68519e-05, 3.44170e-05, 3.51562e-05, 4.52496e-05, 5.86651e-05, 3.33794e-04, 2.60319e-05, 3.06581e-04, 3.18287e-04, 1.23486e-04, 8.77911e-05, 3.94872e-04, 1.33475e-03, 3.12987e-04, 4.96988e-04, 1.41207e-04, 3.11152e-05, 5.78475e-05, 1.09896e-04,
         1.99474e-04, 7.76074e-03, 3.18444e-01, 6.63450e-04, 2.73028e-04, 4.36492e-03, 1.01955e-04, 5.59268e-04, 1.16627e-04, 6.77963e-05, 5.02373e-05, 5.10731e-05, 3.21510e-05],
        [4.00674e+02, 2.35875e+02, 4.71127e+02, 4.48109e+02, 3.48383e-01, 6.86993e-04, 4.63162e-04, 1.63712e-03, 1.43831e-04, 1.79878e-04, 1.06431e-02, 5.83174e-03, 6.21634e-03, 1.11449e-03, 5.55309e-04, 3.30388e-04, 7.59090e-05, 9.11544e-04, 5.66879e-04, 6.99076e-05, 1.35857e-04, 5.59698e-04, 1.47005e-04, 2.04826e-04,
         1.14434e-04, 6.30234e-05, 1.36174e-04, 3.97359e-05, 1.35757e-04, 1.17826e-04, 1.17797e-04, 1.11599e-04, 6.22142e-05, 9.97660e-03, 5.97954e-05, 1.80233e-04, 7.43418e-05, 5.03571e-05, 5.06045e-05, 8.63291e-05, 6.25007e-05, 1.46259e-04, 8.99100e-05, 6.23572e-05, 1.75544e-04, 8.05616e-05, 1.05052e-04, 6.06492e-05,
         1.12929e-04, 1.11625e-04, 5.36363e-04, 4.99793e-05, 8.16231e-05, 7.29053e-05, 6.52402e-05, 5.66860e-05, 7.59635e-05, 1.00225e-04, 8.98330e-04, 5.07449e-05, 4.73655e-04, 5.21264e-04, 2.41337e-04, 1.38640e-04, 9.70240e-04, 1.17066e-03, 3.61668e-04, 2.50274e-03, 3.91601e-04, 4.35606e-05, 9.05566e-05, 2.16695e-04,
         2.90041e-04, 1.99031e-02, 2.87967e-01, 7.74668e-04, 3.02097e-04, 5.98306e-03, 1.90399e-04, 8.79321e-04, 1.54909e-04, 7.70953e-05, 9.31857e-05, 6.22047e-05, 5.11173e-05],
        [3.84105e+02, 2.37972e+02, 4.93567e+02, 4.45211e+02, 3.43196e-01, 3.18895e-04, 3.42101e-04, 5.10963e-04, 1.28018e-04, 1.37415e-04, 3.03114e-03, 2.56636e-03, 3.17344e-03, 1.41398e-03, 5.09971e-04, 3.44168e-04, 6.75388e-05, 9.43974e-04, 4.98394e-04, 4.70647e-05, 6.06785e-05, 3.28990e-04, 1.26365e-04, 1.99463e-04,
         1.21496e-04, 5.95611e-05, 1.01430e-04, 5.12497e-05, 1.38225e-04, 1.11949e-04, 9.07733e-05, 1.40289e-04, 6.28921e-05, 4.61997e-03, 6.68285e-05, 1.48955e-04, 9.16984e-05, 5.02197e-05, 5.35728e-05, 8.26830e-05, 7.48612e-05, 1.23362e-04, 7.27351e-05, 5.82231e-05, 1.77680e-04, 1.28802e-04, 1.18641e-04, 7.21601e-05,
         1.16874e-04, 1.54699e-04, 5.28474e-04, 3.91313e-05, 6.70569e-05, 6.56196e-05, 5.26618e-05, 3.66062e-05, 6.47878e-05, 7.97503e-05, 4.24718e-04, 3.67514e-05, 3.08244e-04, 4.62896e-04, 1.75124e-04, 9.46025e-05, 5.11850e-04, 1.49083e-03, 4.23185e-04, 7.03976e-04, 1.88592e-04, 5.63868e-05, 1.03939e-04, 1.81206e-04,
         3.74090e-04, 8.80733e-03, 3.18561e-01, 3.45413e-04, 3.62922e-04, 5.24282e-03, 1.00259e-04, 7.04054e-04, 1.70680e-04, 8.89718e-05, 6.36918e-05, 6.97815e-05, 5.27203e-05],
        [4.00597e+02, 2.35315e+02, 4.69240e+02, 4.49317e+02, 3.35037e-01, 4.52820e-04, 6.20028e-04, 2.06013e-03, 1.78090e-04, 2.28146e-04, 1.12873e-02, 6.45440e-03, 7.47639e-03, 1.42321e-03, 6.50865e-04, 4.10127e-04, 1.11903e-04, 1.11341e-03, 7.22859e-04, 8.11268e-05, 1.51100e-04, 5.33376e-04, 1.73264e-04, 2.64150e-04,
         1.60050e-04, 9.05710e-05, 1.99801e-04, 6.24755e-05, 2.01645e-04, 1.51191e-04, 1.44509e-04, 1.59242e-04, 9.04062e-05, 1.03896e-02, 9.13306e-05, 2.18711e-04, 1.20000e-04, 7.18145e-05, 7.28080e-05, 9.54013e-05, 9.50635e-05, 1.86480e-04, 1.16169e-04, 8.81876e-05, 1.90844e-04, 1.36870e-04, 1.39311e-04, 9.62378e-05,
         1.28079e-04, 1.24776e-04, 6.38707e-04, 5.76844e-05, 1.14023e-04, 1.07549e-04, 8.92874e-05, 5.82320e-05, 9.53855e-05, 1.38195e-04, 1.11462e-03, 7.02865e-05, 5.26615e-04, 6.56668e-04, 2.76214e-04, 1.39448e-04, 1.01313e-03, 1.18979e-03, 4.27040e-04, 2.76892e-03, 4.71321e-04, 7.01468e-05, 1.48824e-04, 3.28417e-04,
         5.02229e-04, 1.82876e-02, 2.70560e-01, 4.27099e-04, 3.79840e-04, 5.78625e-03, 1.90170e-04, 9.85562e-04, 2.24830e-04, 1.01620e-04, 1.11307e-04, 8.34564e-05, 7.29371e-05]], device='cuda:0')

645 BOX
tensor([[138.02023,  15.16141, 630.16211, 461.62717],
        [165.11014,  11.82002, 636.23743, 459.92950],
        [137.32181,  15.36661, 630.88916, 460.57761],
        [165.97693,  10.65656, 635.21661, 459.97357]], device='cuda:0')

X REPLACED WITH [BOX,CONF,J.FLOAT()]
654 tensor([[1.38020e+02, 1.51614e+01, 6.30162e+02, 4.61627e+02, 3.18444e-01, 6.90000e+01],
        [1.65110e+02, 1.18200e+01, 6.36237e+02, 4.59930e+02, 2.87967e-01, 6.90000e+01],
        [1.37322e+02, 1.53666e+01, 6.30889e+02, 4.60578e+02, 3.18561e-01, 6.90000e+01],
        [1.65977e+02, 1.06566e+01, 6.35217e+02, 4.59974e+02, 2.70560e-01, 6.90000e+01]], device='cuda:0')